1321
127933
230648
187871
88759
1317
227351
71228
241452
152073
84421
68574
210659
111492
197239
181453
250994
97796
39284
91272
229956
111539
40710
221123
248357
217670
46608
102178
247605
6277
17677
248493
197466
248326
235274
85135
48553
198279
156364
88915
86006
39695
157489
95575
151187
153638
75939
201092
251434
178479
28018
15955
25672
131985
237078
9684
85309
82596
175118
68568
152129
192795
52715
85250
176775
86900
233641
24238
20833
188915
113153
170096
27521
69552
1325
178708
223191
140520
178710
9189
54654
5639
88400
80326
137624
61132
153266
21843
143729
64038
90411
31512
256834
206382
180018
232519
28936
212570
256758
113026
137139
168821
82032
164660
238374
146613
142279
260475
22788
119899
68574
77442
188794
156975
221024
125328
17017
109945
147171
224002
173983
36492
54425
229727
242875
234443
197901
70721
245923
253569
247003
181973
221300
64689
145543
258584
211303
86732
254713
33001
206632
122198
110443
194336
14827
130377
55319
31844
240322
202490
255847
213216
238983
109182
241853
16422
142535
238664
150399
124113
227887
133057
41740
248098
261002
187283
242336
207959
72926
232704
39870
15212
153812
213569
209548
168639
79601
63777
263739
55577
1922
54150
67703
39815
163332
45211
119493
41522
19529
5546
165635
46327
138603
6285
30079
198516
256824
8069
142129
65404
39683
182000
143872
193495
131223
152331
161044
9734
216108
160438
128568
16940
13498
196271
120011
176831
40392
239504
17263
123178
245051
246154
169505
182564
252439
262840
116734
43827
69819
57774
172488
109503
38684
115270
101908
233163
66511
61863
242898
18274
21211
107120
98470
34709
102301
218482
10450
142694
256896
27713
1526
237601
9521
234287
219076
60870
232781
71464
167954
38254
192494
76096
211013
231178
254622
111832
263252
56788
173695
241804
138318
258162
147834
236788
28525
250135
254180
38976
191739
246731
129945
193265
18896
139467
226462
237972
263593
194897
45091
167201
32062
36495
42207
41985
3328
32484
153817
2234
152528
126422
42948
26500
120238
190782
263288
212020
239827
52033
49906
167221
34418
179851
159396
53314
118228
184769
26941
117476
178576
135288
83587
210638
171783
189051
51534
238367
20445
4261
39511
172973
130684
82459
199473
49832
72151
261671
60762
110889
49358
110668
77020
147032
89430
35326
200347
207658
220095
26198
124044
134326
161486
207632
143874
132179
132337
195408
169457
152782
199670
208968
124665
129264
90338
59792
242352
225745
120373
38769
72288
169732
212693
149308
115674
37777
247891
51675
245436
203640
141129
105134
73620
101525
111676
217495
233705
42923
211813
138816
258961
210393
146694
119280
75311
237032
242328
116574
261688
98356
155343
69630
66998
166946
17849
182672
204724
1394
33258
249070
205034
174387
153114
77565
11567
445
93970
44182
43368
104693
246254
37984
50741
128602
220520
126052
164545
198503
242626
161887
32513
196879
30427
162767
99480
48276
81093
103114
112926
177607
87838
116871
87649
240952
194436
162472
40307
87316
206654
146932
192009
188562
248172
242750
116074
204346
167713
16273
138503
209249
178160
234272
141783
208588
132693
40173
55774
12697
206543
168701
190304
30035
21226
76863
69897
14572
239335
110205
101888
244899
56047
92807
169115
39873
71212
20844
244219
37835
100373
181633
247084
14188
151559
187777
21686
83163
227950
77460
159116
170147
45071
148330
263438
66297
225194
68990
144125
263439
242451
246013
243993
34152
74475
212018
74025
208943
232862
117154
246778
68890
34441
229516
146334
249257
152948
168020
131330
179808
44390
26100
148866
89462
174430
211214
219015
198534
79114
98795
197628
57219
143718
240531
154627
17103
188203
27562
24956
219976
207973
7388
87776
242414
35815
33020
26235
252019
264296
157565
230737
44340
246921
178513
197058
220262
125382
214984
154450
204496
49433
150988
60626
256407
127173
14163
72421
114287
41726
97377
133173
249699
104766
220949
26677
203837
253969
52913
191510
253919
9388
221157
97169
55220
135325
29882
11136
260707
244866
228842
264113
93209
115485
60393
148526
41568
74557
220947
219111
179539
53979
87938
228148
222001
107797
254825
161492
160676
106648
151912
213505
179293
171979
46329
234513
42958
139467
44559
102575
183243
9055
165599
75362
187796
225992
223888
229365
99459
180490
247386
77908
33379
70979
41710
255380
242032
95446
215782
138363
202094
166604
87522
180297
74237
197107
150464
180452
72228
195023
81937
54381
2989
247536
129743
190785
8093
152542
155804
170808
131942
202101
248717
165321
8734
89337
219611
49676
184783
234303
188039
185788
199817
11216
101739
72964
7233
51114
253416
79462
45047
71008
197099
48036
117454
62497
238822
125547
215039
193536
32010
145891
131291
16381
46866
203281
105718
65387
252958
89412
35344
239907
10854
34071
50033
175849
107035
57267
226963
159362
136729
7665
29280
69482
118957
146734
195235
156689
7936
209184
85880
39946
90729
16081
119583
200851
18273
24211
1892
70141
113623
100492
45702
187733
134563
95736
99237
241599
153003
125110
136615
88642
196031
165895
221380
50643
111539
152270
207332
119475
160364
92122
222677
251094
171460
141170
250855
189733
165382
252748
259874
77915
88894
41230
64559
22368
200222
227052
62877
88879
87816
199492
177521
19502
164297
197812
133401
11490
85736
139643
194222
45010
231766
152553
95014
138880
29378
81524
127523
258016
69926
186307
134841
222076
227537
199400
43354
163414
162106
106231
51203
48833
41377
27635
68335
4584
225447
201736
16075
110093
77033
210297
155103
107709
161760
250118
45499
254394
67296
236278
46974
200478
158239
181816
221464
121431
180126
473
83755
141143
106704
134958
189976
211338
225849
57221
215922
186950
57867
30907
32697
198156
40114
187801
104776
201875
236829
150275
191923
39779
122208
238898
39167
79357
219624
260631
200788
198660
261104
83453
75457
103463
17322
64343
50455
243171
121564
65287
165776
242687
96195
261729
176498
136309
185184
16928
73838
157667
230459
64672
260702
151577
102480
35523
230935
121014
31809
230633
55328
91823
112997
130786
195286
130319
258385
44651
172400
178860
109939
137086
157201
5044
134470
132609
141353
55308
212793
14102
11886
178907
142030
71498
129394
244510
107022
159239
101178
202087
125527
156506
29564
37434
86202
23761
167753
80242
131668
139063
259102
40517
11804
215213
45561
146274
83477
250171
492
31924
264273
75634
9741
141957
147133
202392
185377
53065
97285
85465
255152
21722
241971
83626
59156
127084
170643
25819
6236
37966
164883
64248
78483
176687
15115
187301
58615
161848
173126
122363
257029
173053
197998
2424
113920
80785
3726
98207
133850
101012
183672
187912
185990
161297
70448
245147
87291
241092
6620
93527
77968
234759
157775
219707
147100
236147
142662
4625
133649
51442
126989
126332
23405
123897
192013
200581
204682
195739
34442
137442
95661
218114
124264
17306
178322
257968
61363
1267
234714
67983
158051
111592
101653
114736
66954
248753
86537
209616
52289
19097
59969
242534
145429
83374
102085
73096
82866
42421
67746
117308
243119
163407
71077
103037
180713
48309
159915
40986
49576
130284
172226
6537
40786
9533
121274
107740
57196
6721
116267
109485
25818
176236
87673
234504
58520
189758
106510
141386
31089
174256
57605
9862
73318
191938
176155
52941
240247
71725
93928
88733
919
1808
95271
104961
74597
15455
212702
131793
22176
127879
241279
111251
39769
127862
81409
161545
53275
187919
101842
147620
161086
159447
220739
234404
150295
195804
86255
126196
66439
243439
214929
130614
44157
45854
235576
118754
124565
183932
49458
146742
47465
26391
56903
150490
217509
138312
110945
69694
125141
212787
217315
21881
171144
173708
55195
57093
168422
204707
246545
234862
183800
197129
101130
26868
41893
72360
208878
166459
55202
258336
112111
102667
83637
169014
52067
36801
106236
163013
106495
30287
174710
122720
52169
144765
95338
170620
768
263761
110981
247314
234277
93692
243353
134317
120560
20900
206678
128348
250615
261880
122339
98380
163458
4886
66304
215525
104943
235796
114192
211439
1738
87813
133069
117163
232578
228408
23437
233346
227823
134419
216314
261010
228111
195321
130981
147581
15132
136569
11583
1401
134104
197178
163038
96472
202065
28252
47651
105918
264049
225100
53011
64697
48567
249337
181860
80055
213399
4207
49055
240132
138626
64280
35706
165647
58511
166687
48882
136899
102167
123722
201557
35181
56554
100249
131653
57529
128501
179304
163448
191460
203314
15369
55067
50791
360
236927
130846
12669
241135
243158
252801
178671
43092
24161
79973
164859
254105
192111
100669
155182
51487
37880
190363
171298
138129
57670
228827
65540
35884
191185
55911
239199
5465
110978
25644
5825
146816
156491
81751
186861
198559
133462
101186
40561
220880
244415
205420
210639
172181
41743
164731
223668
79623
90748
130620
16662
148418
158358
145459
247558
85197
201370
222411
90662
48002
46966
159744
258074
2367
